0-0 91 66 25 72
0-1 87 68 19 78
0-2 93 73 20 78
0-3 89 69 20 77
0-4 88 67 21 76
0-5 87 72 15 82
0-6 85 67 18 78
0-7 86 65 21 75
0-8 93 70 23 75
0-9 85 72 13 84
0-10 88 72 16 81
0-11 86 72 14 83
0-12 89 68 21 76
0-13 85 65 20 76
0-14 90 68 22 75
0-15 93 71 22 76
0-16 94 71 23 75
0-17 88 71 17 80
0-18 90 73 17 81
0-19 92 68 24 73
0-20 89 68 21 76
0-21 93 73 20 78
0-22 94 71 23 75
0-23 89 68 21 76
0-24 93 73 20 78
0-25 85 71 14 83
0-26 93 65 28 69
0-27 90 67 23 74
0-28 87 67 20 77
0-29 89 72 17 80
1-0 90 70 20 77
1-1 88 69 19 78
1-2 90 68 22 75
1-3 86 73 13 84
1-4 86 72 14 83
1-5 86 69 17 80
1-6 93 73 20 78
1-7 85 71 14 83
1-8 86 72 14 83
1-9 88 68 20 77
1-10 92 69 23 75
1-11 92 66 26 71
1-12 88 69 19 78
1-13 90 64 26 71
1-14 87 70 17 80
1-15 86 71 15 82
1-16 94 70 24 74
1-17 91 70 21 76
1-18 93 64 29 68
1-19 87 71 16 81
1-20 87 69 18 79
1-21 89 70 19 78
1-22 86 71 15 82
1-23 90 72 18 80
1-24 86 69 17 80
1-25 94 64 30 68
1-26 85 73 12 85
1-27 88 66 22 75
1-28 90 66 24 73
1-29 88 68 20 77
2-0 94 65 29 69
2-1 88 70 18 79
2-2 87 68 19 78
2-3 89 70 19 78
2-4 85 73 12 85
2-5 90 70 20 77
2-6 89 69 20 77
2-7 85 67 18 78
2-8 88 64 24 72
2-9 93 71 22 76
2-10 93 71 22 76
2-11 91 73 18 80
2-12 93 65 28 69
2-13 90 71 19 78
2-14 91 70 21 76
2-15 88 72 16 81
2-16 94 72 22 76
2-17 501 494 7 98
2-18 94 65 29 69
2-19 89 66 23 74
2-20 91 64 27 70
2-21 89 73 16 82
2-22 89 65 24 73
2-23 94 71 23 75
2-24 93 72 21 77
2-25 91 65 26 71
2-26 94 67 27 71
2-27 94 68 26 72
2-28 87 73 14 83
2-29 89 65 24 73
3-0 87 66 21 75
3-1 88 70 18 79
3-2 86 73 13 84
3-3 86 69 17 80
3-4 93 71 22 76
3-5 92 70 22 76
3-6 92 68 24 73
3-7 94 65 29 69
3-8 92 72 20 78
3-9 90 70 20 77
3-10 89 66 23 74
3-11 94 64 30 68
3-12 93 64 29 68
3-13 85 69 16 81
3-14 85 72 13 84
3-15 94 72 22 76
3-16 87 73 14 83
3-17 510 495 15 97
3-18 85 69 16 81
3-19 94 70 24 74
3-20 92 70 22 76
3-21 85 66 19 77
3-22 93 67 26 72
3-23 86 72 14 83
3-24 92 70 22 76
3-25 85 68 17 80
3-26 93 72 21 77
3-27 92 69 23 75
3-28 93 73 20 78
3-29 88 69 19 78
4-0 88 69 19 78
4-1 91 72 19 79
4-2 92 66 26 71
4-3 94 72 22 76
4-4 89 65 24 73
4-5 91 66 25 72
4-6 94 73 21 77
4-7 91 66 25 72
4-8 89 72 17 80
4-9 87 72 15 82
4-10 94 64 30 68
4-11 86 69 17 80
4-12 87 69 18 79
4-13 90 69 21 76
4-14 87 72 15 82
4-15 93 69 24 74
4-16 87 73 14 83
4-17 501 498 3 99
4-18 88 65 23 73
4-19 90 67 23 74
4-20 90 72 18 80
4-21 86 71 15 82
4-22 87 71 16 81
4-23 88 70 18 79
4-24 89 66 23 74
4-25 88 64 24 72
4-26 93 66 27 70
4-27 89 73 16 82
4-28 91 66 25 72
4-29 86 71 15 82
5-0 92 65 27 70
5-1 94 69 25 73
5-2 93 70 23 75
5-3 85 71 14 83
5-4 86 67 19 77
5-5 94 71 23 75
5-6 94 64 30 68
5-7 87 65 22 74
5-8 94 73 21 77
5-9 89 72 17 80
5-10 87 64 23 73
5-11 87 64 23 73
5-12 93 73 20 78
5-13 94 68 26 72
5-14 91 73 18 80
5-15 88 73 15 82
5-16 93 66 27 70
5-17 501 494 7 98
5-18 92 70 22 76
5-19 86 67 19 77
5-20 87 70 17 80
5-21 94 64 30 68
5-22 86 68 18 79
5-23 89 71 18 79
5-24 89 67 22 75
5-25 92 73 19 79
5-26 92 72 20 78
5-27 94 68 26 72
5-28 92 69 23 75
5-29 87 73 14 83
6-0 93 66 27 70
6-1 85 67 18 78
6-2 89 70 19 78
6-3 88 64 24 72
6-4 93 67 26 72
6-5 92 70 22 76
6-6 91 70 21 76
6-7 85 72 13 84
6-8 85 70 15 82
6-9 92 70 22 76
6-10 88 70 18 79
6-11 90 70 20 77
6-12 89 67 22 75
6-13 93 64 29 68
6-14 89 66 23 74
6-15 87 72 15 82
6-16 87 71 16 81
6-17 502 491 11 97
6-18 91 72 19 79
6-19 91 73 18 80
6-20 85 67 18 78
6-21 90 73 17 81
6-22 90 70 20 77
6-23 87 70 17 80
6-24 89 64 25 71
6-25 93 70 23 75
6-26 94 71 23 75
6-27 91 70 21 76
6-28 90 68 22 75
6-29 85 68 17 80
7-0 92 64 28 69
7-1 93 67 26 72
7-2 85 70 15 82
7-3 88 70 18 79
7-4 90 67 23 74
7-5 88 69 19 78
7-6 92 72 20 78
7-7 91 66 25 72
7-8 94 73 21 77
7-9 94 69 25 73
7-10 86 72 14 83
7-11 85 72 13 84
7-12 89 70 19 78
7-13 85 72 13 84
7-14 85 67 18 78
7-15 85 65 20 76
7-16 89 68 21 76
7-17 501 494 7 98
7-18 91 66 25 72
7-19 94 64 30 68
7-20 87 71 16 81
7-21 93 72 21 77
7-22 86 72 14 83
7-23 94 71 23 75
7-24 94 64 30 68
7-25 93 73 20 78
7-26 87 68 19 78
7-27 94 71 23 75
7-28 89 67 22 75
7-29 88 65 23 73
8-0 93 65 28 69
8-1 85 65 20 76
8-2 88 64 24 72
8-3 87 70 17 80
8-4 91 69 22 75
8-5 86 72 14 83
8-6 94 72 22 76
8-7 94 66 28 70
8-8 85 64 21 75
8-9 87 68 19 78
8-10 88 70 18 79
8-11 86 71 15 82
8-12 89 66 23 74
8-13 86 69 17 80
8-14 94 72 22 76
8-15 88 73 15 82
8-16 90 68 22 75
8-17 508 498 10 98
8-18 92 65 27 70
8-19 86 65 21 75
8-20 94 72 22 76
8-21 90 65 25 72
8-22 87 69 18 79
8-23 89 66 23 74
8-24 87 73 14 83
8-25 92 67 25 72
8-26 87 64 23 73
8-27 89 69 20 77
8-28 88 69 19 78
8-29 91 73 18 80
9-0 85 70 15 82
9-1 88 71 17 80
9-2 90 66 24 73
9-3 85 69 16 81
9-4 94 70 24 74
9-5 89 67 22 75
9-6 88 64 24 72
9-7 85 72 13 84
9-8 92 66 26 71
9-9 92 72 20 78
9-10 89 70 19 78
9-11 88 66 22 75
9-12 89 72 17 80
9-13 93 64 29 68
9-14 92 73 19 79
9-15 94 71 23 75
9-16 88 65 23 73
9-17 508 496 12 97
9-18 89 64 25 71
9-19 91 73 18 80
9-20 93 71 22 76
9-21 89 65 24 73
9-22 92 67 25 72
9-23 88 71 17 80
9-24 87 73 14 83
9-25 88 70 18 79
9-26 86 67 19 77
9-27 88 65 23 73
9-28 94 72 22 76
9-29 87 68 19 78
10-0 93 65 28 69
10-1 93 71 22 76
10-2 94 66 28 70
10-3 89 65 24 73
10-4 88 66 22 75
10-5 88 70 18 79
10-6 94 73 21 77
10-7 94 69 25 73
10-8 94 66 28 70
10-9 89 69 20 77
10-10 88 66 22 75
10-11 88 73 15 82
10-12 88 70 18 79
10-13 91 67 24 73
10-14 89 65 24 73
10-15 86 67 19 77
10-16 85 68 17 80
10-17 506 495 11 97
10-18 93 69 24 74
10-19 86 69 17 80
10-20 91 65 26 71
10-21 88 70 18 79
10-22 88 70 18 79
10-23 85 68 17 80
10-24 92 72 20 78
10-25 92 68 24 73
10-26 94 65 29 69
10-27 87 67 20 77
10-28 87 69 18 79
10-29 94 66 28 70
11-0 87 68 19 78
11-1 87 64 23 73
11-2 87 68 19 78
11-3 88 71 17 80
11-4 86 66 20 76
11-5 87 72 15 82
11-6 86 67 19 77
11-7 90 66 24 73
11-8 86 66 20 76
11-9 86 71 15 82
11-10 90 72 18 80
11-11 93 67 26 72
11-12 88 68 20 77
11-13 89 68 21 76
11-14 94 69 25 73
11-15 91 66 25 72
11-16 93 64 29 68
11-17 506 493 13 97
11-18 90 67 23 74
11-19 93 66 27 70
11-20 87 69 18 79
11-21 85 69 16 81
11-22 94 69 25 73
11-23 90 64 26 71
11-24 90 70 20 77
11-25 91 72 19 79
11-26 91 67 24 73
11-27 94 71 23 75
11-28 92 65 27 70
11-29 91 70 21 76
12-0 85 68 17 80
12-1 86 69 17 80
12-2 88 64 24 72
12-3 88 71 17 80
12-4 86 71 15 82
12-5 93 67 26 72
12-6 87 65 22 74
12-7 93 73 20 78
12-8 90 72 18 80
12-9 92 64 28 69
12-10 89 69 20 77
12-11 86 70 16 81
12-12 90 73 17 81
12-13 87 72 15 82
12-14 88 69 19 78
12-15 87 73 14 83
12-16 93 66 27 70
12-17 504 496 8 98
12-18 86 64 22 74
12-19 87 68 19 78
12-20 92 66 26 71
12-21 90 68 22 75
12-22 91 64 27 70
12-23 86 65 21 75
12-24 91 65 26 71
12-25 93 71 22 76
12-26 92 65 27 70
12-27 94 64 30 68
12-28 88 66 22 75
12-29 85 69 16 81
13-0 93 67 26 72
13-1 92 65 27 70
13-2 86 73 13 84
13-3 94 70 24 74
13-4 85 66 19 77
13-5 94 73 21 77
13-6 91 67 24 73
13-7 93 69 24 74
13-8 87 66 21 75
13-9 91 67 24 73
13-10 92 72 20 78
13-11 90 67 23 74
13-12 90 69 21 76
13-13 86 68 18 79
13-14 86 69 17 80
13-15 88 72 16 81
13-16 91 70 21 76
13-17 505 494 11 97
13-18 85 66 19 77
13-19 90 72 18 80
13-20 88 65 23 73
13-21 91 64 27 70
13-22 89 69 20 77
13-23 90 64 26 71
13-24 88 66 22 75
13-25 91 68 23 74
13-26 94 70 24 74
13-27 92 72 20 78
13-28 91 64 27 70
13-29 85 67 18 78
14-0 91 65 26 71
14-1 94 72 22 76
14-2 93 69 24 74
14-3 85 70 15 82
14-4 88 67 21 76
14-5 89 70 19 78
14-6 89 64 25 71
14-7 93 67 26 72
14-8 87 66 21 75
14-9 90 68 22 75
14-10 92 65 27 70
14-11 93 73 20 78
14-12 86 73 13 84
14-13 86 66 20 76
14-14 93 72 21 77
14-15 88 72 16 81
14-16 92 65 27 70
14-17 506 497 9 98
14-18 87 73 14 83
14-19 93 64 29 68
14-20 90 72 18 80
14-21 88 67 21 76
14-22 93 71 22 76
14-23 94 72 22 76
14-24 91 68 23 74
14-25 86 69 17 80
14-26 91 65 26 71
14-27 89 68 21 76
14-28 85 67 18 78
14-29 85 64 21 75
15-0 88 65 23 73
15-1 86 68 18 79
15-2 91 67 24 73
15-3 92 70 22 76
15-4 86 64 22 74
15-5 92 67 25 72
15-6 88 72 16 81
15-7 86 64 22 74
15-8 88 66 22 75
15-9 94 72 22 76
15-10 92 66 26 71
15-11 87 66 21 75
15-12 88 66 22 75
15-13 91 68 23 74
15-14 85 73 12 85
15-15 94 69 25 73
15-16 88 72 16 81
15-17 503 492 11 97
15-18 91 66 25 72
15-19 88 70 18 79
15-20 93 64 29 68
15-21 86 64 22 74
15-22 94 72 22 76
15-23 93 67 26 72
15-24 92 71 21 77
15-25 94 69 25 73
15-26 88 68 20 77
15-27 92 66 26 71
15-28 93 68 25 73
15-29 90 64 26 71
16-0 90 65 25 72
16-1 88 73 15 82
16-2 93 73 20 78
16-3 93 71 22 76
16-4 92 71 21 77
16-5 85 73 12 85
16-6 93 67 26 72
16-7 85 72 13 84
16-8 85 73 12 85
16-9 94 70 24 74
16-10 92 67 25 72
16-11 89 70 19 78
16-12 88 71 17 80
16-13 93 65 28 69
16-14 90 71 19 78
16-15 94 71 23 75
16-16 85 66 19 77
16-17 502 498 4 99
16-18 92 71 21 77
16-19 90 72 18 80
16-20 92 69 23 75
16-21 85 70 15 82
16-22 94 69 25 73
16-23 85 70 15 82
16-24 93 72 21 77
16-25 87 68 19 78
16-26 86 73 13 84
16-27 91 72 19 79
16-28 87 70 17 80
16-29 86 72 14 83
17-0 89 66 23 74
17-1 87 73 14 83
17-2 93 65 28 69
17-3 91 64 27 70
17-4 94 68 26 72
17-5 92 64 28 69
17-6 89 73 16 82
17-7 92 64 28 69
17-8 87 66 21 75
17-9 91 69 22 75
17-10 88 72 16 81
17-11 86 68 18 79
17-12 86 69 17 80
17-13 91 73 18 80
17-14 93 67 26 72
17-15 88 67 21 76
17-16 89 66 23 74
17-17 507 494 13 97
17-18 93 68 25 73
17-19 90 72 18 80
17-20 90 68 22 75
17-21 87 66 21 75
17-22 86 64 22 74
17-23 91 66 25 72
17-24 94 73 21 77
17-25 87 66 21 75
17-26 88 73 15 82
17-27 92 71 21 77
17-28 94 66 28 70
17-29 85 68 17 80
18-0 91 70 21 76
18-1 89 69 20 77
18-2 93 67 26 72
18-3 93 69 24 74
18-4 90 66 24 73
18-5 90 68 22 75
18-6 92 73 19 79
18-7 93 69 24 74
18-8 93 72 21 77
18-9 90 69 21 76
18-10 89 64 25 71
18-11 94 72 22 76
18-12 94 73 21 77
18-13 91 73 18 80
18-14 94 67 27 71
18-15 88 71 17 80
18-16 92 71 21 77
18-17 502 491 11 97
18-18 94 71 23 75
18-19 85 64 21 75
18-20 94 64 30 68
18-21 90 70 20 77
18-22 85 72 13 84
18-23 86 69 17 80
18-24 86 73 13 84
18-25 92 64 28 69
18-26 89 67 22 75
18-27 88 69 19 78
18-28 86 70 16 81
18-29 88 72 16 81
19-0 90 72 18 80
19-1 87 69 18 79
19-2 91 65 26 71
19-3 87 66 21 75
19-4 86 68 18 79
19-5 86 71 15 82
19-6 85 69 16 81
19-7 89 72 17 80
19-8 89 73 16 82
19-9 92 64 28 69
19-10 94 73 21 77
19-11 86 70 16 81
19-12 86 73 13 84
19-13 92 71 21 77
19-14 88 72 16 81
19-15 94 72 22 76
19-16 92 71 21 77
19-17 505 497 8 98
19-18 86 69 17 80
19-19 85 67 18 78
19-20 88 69 19 78
19-21 89 67 22 75
19-22 89 66 23 74
19-23 85 64 21 75
19-24 91 66 25 72
19-25 89 68 21 76
19-26 88 71 17 80
19-27 87 65 22 74
19-28 92 73 19 79
19-29 86 68 18 79
20-0 90 68 22 75
20-1 87 64 23 73
20-2 86 64 22 74
20-3 86 69 17 80
20-4 93 66 27 70
20-5 85 68 17 80
20-6 90 68 22 75
20-7 87 66 21 75
20-8 87 65 22 74
20-9 88 68 20 77
20-10 91 68 23 74
20-11 87 71 16 81
20-12 93 69 24 74
20-13 86 70 16 81
20-14 85 73 12 85
20-15 87 68 19 78
20-16 88 72 16 81
20-17 506 498 8 98
20-18 87 67 20 77
20-19 89 72 17 80
20-20 86 70 16 81
20-21 85 72 13 84
20-22 86 66 20 76
20-23 92 67 25 72
20-24 86 66 20 76
20-25 89 65 24 73
20-26 91 68 23 74
20-27 87 66 21 75
20-28 93 64 29 68
20-29 86 70 16 81
21-0 94 72 22 76
21-1 85 71 14 83
21-2 90 71 19 78
21-3 87 66 21 75
21-4 86 73 13 84
21-5 85 73 12 85
21-6 93 64 29 68
21-7 93 67 26 72
21-8 92 65 27 70
21-9 94 66 28 70
21-10 85 73 12 85
21-11 86 66 20 76
21-12 92 64 28 69
21-13 94 64 30 68
21-14 89 69 20 77
21-15 92 68 24 73
21-16 89 64 25 71
21-17 509 492 17 96
21-18 94 70 24 74
21-19 89 68 21 76
21-20 85 71 14 83
21-21 87 68 19 78
21-22 94 73 21 77
21-23 92 73 19 79
21-24 91 72 19 79
21-25 87 68 19 78
21-26 92 73 19 79
21-27 88 69 19 78
21-28 85 66 19 77
21-29 85 72 13 84
22-0 91 65 26 71
22-1 92 72 20 78
22-2 91 66 25 72
22-3 94 69 25 73
22-4 91 72 19 79
22-5 89 71 18 79
22-6 92 68 24 73
22-7 87 68 19 78
22-8 89 72 17 80
22-9 85 72 13 84
22-10 90 64 26 71
22-11 85 69 16 81
22-12 91 70 21 76
22-13 94 72 22 76
22-14 86 71 15 82
22-15 93 66 27 70
22-16 93 68 25 73
22-17 501 497 4 99
22-18 90 70 20 77
22-19 94 66 28 70
22-20 91 72 19 79
22-21 85 71 14 83
22-22 90 67 23 74
22-23 85 70 15 82
22-24 91 66 25 72
22-25 90 64 26 71
22-26 86 70 16 81
22-27 85 70 15 82
22-28 85 68 17 80
22-29 93 70 23 75
23-0 87 73 14 83
23-1 85 66 19 77
23-2 91 64 27 70
23-3 87 69 18 79
23-4 90 72 18 80
23-5 88 66 22 75
23-6 91 66 25 72
23-7 85 72 13 84
23-8 94 68 26 72
23-9 91 67 24 73
23-10 91 69 22 75
23-11 87 72 15 82
23-12 85 69 16 81
23-13 91 64 27 70
23-14 94 66 28 70
23-15 88 64 24 72
23-16 94 69 25 73
23-17 508 494 14 97
23-18 94 65 29 69
23-19 90 64 26 71
23-20 91 65 26 71
23-21 88 69 19 78
23-22 92 66 26 71
23-23 85 69 16 81
23-24 92 65 27 70
23-25 85 71 14 83
23-26 94 67 27 71
23-27 93 68 25 73
23-28 93 66 27 70
23-29 88 65 23 73
24-0 88 64 24 72
24-1 91 67 24 73
24-2 85 73 12 85
24-3 89 64 25 71
24-4 89 73 16 82
24-5 91 67 24 73
24-6 85 65 20 76
24-7 88 68 20 77
24-8 92 73 19 79
24-9 94 64 30 68
24-10 92 71 21 77
24-11 93 69 24 74
24-12 88 70 18 79
24-13 87 72 15 82
24-14 94 73 21 77
24-15 91 70 21 76
24-16 91 69 22 75
24-17 510 491 19 96
24-18 87 65 22 74
24-19 93 68 25 73
24-20 88 70 18 79
24-21 90 64 26 71
24-22 92 72 20 78
24-23 86 71 15 82
24-24 89 67 22 75
24-25 88 67 21 76
24-26 89 64 25 71
24-27 86 72 14 83
24-28 88 69 19 78
24-29 90 70 20 77
25-0 85 73 12 85
25-1 90 66 24 73
25-2 93 71 22 76
25-3 85 65 20 76
25-4 92 67 25 72
25-5 92 68 24 73
25-6 91 65 26 71
25-7 85 69 16 81
25-8 86 71 15 82
25-9 88 72 16 81
25-10 92 73 19 79
25-11 94 65 29 69
25-12 87 71 16 81
25-13 85 71 14 83
25-14 86 67 19 77
25-15 86 70 16 81
25-16 93 69 24 74
25-17 509 497 12 97
25-18 90 65 25 72
25-19 86 65 21 75
25-20 87 69 18 79
25-21 85 64 21 75
25-22 85 70 15 82
25-23 91 71 20 78
25-24 85 67 18 78
25-25 94 69 25 73
25-26 86 70 16 81
25-27 92 70 22 76
25-28 86 73 13 84
25-29 85 67 18 78
26-0 89 72 17 80
26-1 93 73 20 78
26-2 88 65 23 73
26-3 87 66 21 75
26-4 91 67 24 73
26-5 92 68 24 73
26-6 86 73 13 84
26-7 91 73 18 80
26-8 88 71 17 80
26-9 94 64 30 68
26-10 94 69 25 73
26-11 92 65 27 70
26-12 92 67 25 72
26-13 88 72 16 81
26-14 92 66 26 71
26-15 93 69 24 74
26-16 93 71 22 76
26-17 504 494 10 98
26-18 90 73 17 81
26-19 91 65 26 71
26-20 89 67 22 75
26-21 94 67 27 71
26-22 85 67 18 78
26-23 90 73 17 81
26-24 87 65 22 74
26-25 87 64 23 73
26-26 91 68 23 74
26-27 86 70 16 81
26-28 88 67 21 76
26-29 91 73 18 80
27-0 90 66 24 73
27-1 92 72 20 78
27-2 93 72 21 77
27-3 86 71 15 82
27-4 93 68 25 73
27-5 93 72 21 77
27-6 86 67 19 77
27-7 93 68 25 73
27-8 93 70 23 75
27-9 87 68 19 78
27-10 87 72 15 82
27-11 91 71 20 78
27-12 94 65 29 69
27-13 94 71 23 75
27-14 86 68 18 79
27-15 87 70 17 80
27-16 88 73 15 82
27-17 504 498 6 98
27-18 87 68 19 78
27-19 92 68 24 73
27-20 88 70 18 79
27-21 91 69 22 75
27-22 88 70 18 79
27-23 92 65 27 70
27-24 93 67 26 72
27-25 87 65 22 74
27-26 87 64 23 73
27-27 89 70 19 78
27-28 86 68 18 79
27-29 93 67 26 72
28-0 91 65 26 71
28-1 92 73 19 79
28-2 93 70 23 75
28-3 87 72 15 82
28-4 88 65 23 73
28-5 87 69 18 79
28-6 89 69 20 77
28-7 89 72 17 80
28-8 87 64 23 73
28-9 90 73 17 81
28-10 86 72 14 83
28-11 93 73 20 78
28-12 94 66 28 70
28-13 92 70 22 76
28-14 85 70 15 82
28-15 91 65 26 71
28-16 88 71 17 80
28-17 507 495 12 97
28-18 86 67 19 77
28-19 92 69 23 75
28-20 91 69 22 75
28-21 87 72 15 82
28-22 92 73 19 79
28-23 94 66 28 70
28-24 85 67 18 78
28-25 86 68 18 79
28-26 89 71 18 79
28-27 91 65 26 71
28-28 86 66 20 76
28-29 90 68 22 75
29-0 88 68 20 77
29-1 87 64 23 73
29-2 91 73 18 80
29-3 86 71 15 82
29-4 90 69 21 76
29-5 87 69 18 79
29-6 94 72 22 76
29-7 86 71 15 82
29-8 89 73 16 82
29-9 85 71 14 83
29-10 94 71 23 75
29-11 90 69 21 76
29-12 87 73 14 83
29-13 93 66 27 70
29-14 92 71 21 77
29-15 90 66 24 73
29-16 85 66 19 77
29-17 505 498 7 98
29-18 87 67 20 77
29-19 91 70 21 76
29-20 94 72 22 76
29-21 92 68 24 73
29-22 94 69 25 73
29-23 93 72 21 77
29-24 93 65 28 69
29-25 89 65 24 73
29-26 87 70 17 80
29-27 88 68 20 77
29-28 94 65 29 69
29-29 86 67 19 77
30-0 93 65 28 69
30-1 86 68 18 79
30-2 90 64 26 71
30-3 87 72 15 82
30-4 94 66 28 70
30-5 90 65 25 72
30-6 89 68 21 76
30-7 85 71 14 83
30-8 88 72 16 81
30-9 89 73 16 82
30-10 93 72 21 77
30-11 87 64 23 73
30-12 93 64 29 68
30-13 93 70 23 75
30-14 88 72 16 81
30-15 91 65 26 71
30-16 88 65 23 73
30-17 509 497 12 97
30-18 92 68 24 73
30-19 88 69 19 78
30-20 85 64 21 75
30-21 89 70 19 78
30-22 89 68 21 76
30-23 94 68 26 72
30-24 87 69 18 79
30-25 87 66 21 75
30-26 94 67 27 71
30-27 87 73 14 83
30-28 86 73 13 84
30-29 85 70 15 82
31-0 94 72 22 76
31-1 89 71 18 79
31-2 88 64 24 72
31-3 85 70 15 82
31-4 86 66 20 76
31-5 92 66 26 71
31-6 85 65 20 76
31-7 91 65 26 71
31-8 88 66 22 75
31-9 93 67 26 72
31-10 88 67 21 76
31-11 89 72 17 80
31-12 89 71 18 79
31-13 87 66 21 75
31-14 90 71 19 78
31-15 88 72 16 81
31-16 89 64 25 71
31-17 503 498 5 99
31-18 92 73 19 79
31-19 92 64 28 69
31-20 88 70 18 79
31-21 94 69 25 73
31-22 92 72 20 78
31-23 89 66 23 74
31-24 89 69 20 77
31-25 88 73 15 82
31-26 85 67 18 78
31-27 87 71 16 81
31-28 90 73 17 81
31-29 91 69 22 75
32-0 94 68 26 72
32-1 88 69 19 78
32-2 88 65 23 73
32-3 93 72 21 77
32-4 90 70 20 77
32-5 85 73 12 85
32-6 90 68 22 75
32-7 94 72 22 76
32-8 87 71 16 81
32-9 86 66 20 76
32-10 85 73 12 85
32-11 86 71 15 82
32-12 85 70 15 82
32-13 90 65 25 72
32-14 93 72 21 77
32-15 93 72 21 77
32-16 90 71 19 78
32-17 509 498 11 97
32-18 89 70 19 78
32-19 89 69 20 77
32-20 87 64 23 73
32-21 88 71 17 80
32-22 88 65 23 73
32-23 94 69 25 73
32-24 88 66 22 75
32-25 94 71 23 75
32-26 85 66 19 77
32-27 88 66 22 75
32-28 87 70 17 80
32-29 94 69 25 73
33-0 93 69 24 74
33-1 88 70 18 79
33-2 92 68 24 73
33-3 91 70 21 76
33-4 86 73 13 84
33-5 94 67 27 71
33-6 89 65 24 73
33-7 87 65 22 74
33-8 94 67 27 71
33-9 91 73 18 80
33-10 94 73 21 77
33-11 90 65 25 72
33-12 88 73 15 82
33-13 89 69 20 77
33-14 89 72 17 80
33-15 90 69 21 76
33-16 93 69 24 74
33-17 506 498 8 98
33-18 87 68 19 78
33-19 94 68 26 72
33-20 89 72 17 80
33-21 90 65 25 72
33-22 86 71 15 82
33-23 89 73 16 82
33-24 91 71 20 78
33-25 94 72 22 76
33-26 89 66 23 74
33-27 85 72 13 84
33-28 93 64 29 68
33-29 86 65 21 75
34-0 90 70 20 77
34-1 88 67 21 76
34-2 92 72 20 78
34-3 87 72 15 82
34-4 92 67 25 72
34-5 90 65 25 72
34-6 85 68 17 80
34-7 91 64 27 70
34-8 94 66 28 70
34-9 87 67 20 77
34-10 93 72 21 77
34-11 87 66 21 75
34-12 85 69 16 81
34-13 88 68 20 77
34-14 85 68 17 80
34-15 87 73 14 83
34-16 89 66 23 74
34-17 506 494 12 97
34-18 91 65 26 71
34-19 86 72 14 83
34-20 94 73 21 77
34-21 90 66 24 73
34-22 85 68 17 80
34-23 87 70 17 80
34-24 85 73 12 85
34-25 93 68 25 73
34-26 89 70 19 78
34-27 94 69 25 73
34-28 88 67 21 76
34-29 88 68 20 77
35-0 92 65 27 70
35-1 92 66 26 71
35-2 94 72 22 76
35-3 86 71 15 82
35-4 85 68 17 80
35-5 91 72 19 79
35-6 92 72 20 78
35-7 89 72 17 80
35-8 90 70 20 77
35-9 89 71 18 79
35-10 92 67 25 72
35-11 87 68 19 78
35-12 89 71 18 79
35-13 85 64 21 75
35-14 92 68 24 73
35-15 94 65 29 69
35-16 89 65 24 73
35-17 502 496 6 98
35-18 91 72 19 79
35-19 91 67 24 73
35-20 92 72 20 78
35-21 86 69 17 80
35-22 94 65 29 69
35-23 92 66 26 71
35-24 87 67 20 77
35-25 85 73 12 85
35-26 89 72 17 80
35-27 89 0 89 0
35-28 93 66 27 70
35-29 85 65 20 76
